0.00011471
0.000115329
0.000135944
0.000141047
0.000146101
0.0001486
0.000148632
0.000154541
0.000157591
0.000191865
0.000202458
0.000222207
0.000238908
0.000239569
0.000261796
0.000419902
0.000422681
0.000465856
0.000514913
0.000525576
0.00052972
0.000726563
0.000764902
0.00083512
0.000927927
0.000930197
0.00101402
0.00105836
0.00105982
0.00124267
0.00149204
0.00153982
0.00157184
0.00170487
0.00293297
0.0031669
0.00383542
0.00526518
0.00860241
0.00956999
0.0141725
0.0294334
0.0365432
0.0381086
0.0398251
0.0407101
0.044354
0.0710107
0.0761936
0.0875674
0.116046
0.171048
0.184429
0.196683
0.331344
0.482307
0.693262
0.944802
0.980267
0.986777
0.991543
0.994957
0.996654
0.997482
0.997508
0.999148
0.999493
0.999662
0.999687
0.999698
0.999706
0.999716
0.999761
0.999781
0.999782
0.999795
0.999797
0.999799
0.999801
0.999808
0.999809
0.999811
0.999815
0.999818
0.99982
0.999823
0.999826
0.999826
0.999829
0.999831
0.999832
0.999833
0.999833
0.999837
0.999845
0.999847
0.999848
0.999853
0.999853
0.999856
0.999858
0.99986
0.999865
0.999872
0.999872
0.999873
0.999873
0.999875
0.999876
0.999877
0.999878
0.999879
0.999881
0.999881
0.999883
0.999884
0.999884
0.999889
0.99989
0.99989
0.999891
0.999891
0.999892
0.999895
0.999898
0.999899
0.999902
0.999903
0.999903
0.999905
0.999906
0.999906
0.999906
0.999906
0.999907
0.999911
0.999912
0.999913
0.999914
0.999915
0.999915
0.999915
0.999916
0.999916
0.999917
0.999917
0.999919
0.999919
0.99992
0.99992
0.99992
0.999921
0.999923
0.999923
0.999924
0.999926
0.999926
0.999926
0.999926
0.999926
0.999926
0.999927
0.999927
0.999927
0.999927
0.999928
0.999928
0.999928
0.999928
0.999928
0.99993
0.99993
0.99993
0.99993
0.99993
0.99993
0.99993
0.999931
0.999931
0.999931
0.999931
0.999931
0.999932
0.999933
0.999933
0.999933
0.999934
0.999935
0.999935
0.999935
0.999935
0.999935
0.999935
0.999935
0.999936
0.999936
0.999936
0.999937
0.999937
0.999937
0.999938
0.999939
0.999939
0.99994
0.999941
0.999941
0.999942
0.999942
0.999943
0.999943
0.999943
0.999944
0.999944
0.999946
0.999947
0.999947
0.999947
0.999948
0.999948
0.999949
0.999949
0.99995
0.99995
0.999952
0.999952
0.999952
0.999952
0.999952
0.999953
0.999953
0.999953
0.999953
0.999953
0.999953
0.999954
0.999954
0.999954
0.999954
0.999955
0.999955
0.999955
0.999955
0.999955
0.999955
0.999955
0.999955
0.999956
0.999956
0.999956
0.999956
0.999956
0.999957
0.999957
0.999957
0.999957
0.999957
0.999957
0.999958
0.999958
0.999958
0.999958
0.999958
0.999958
0.999958
0.999959
0.999959
0.999959
0.999959
0.999959
0.99996
0.99996
0.99996
0.99996
0.999961
0.999961
0.999961
0.999961
0.999961
0.999961
0.999962
0.999962
0.999962
0.999962
0.999963
0.999963
0.999964
0.999964
0.999964
0.999964
0.999964
0.999964
0.999964
0.999964
0.999965
0.999965
0.999965
0.999965
0.999965
0.999965
0.999966
0.999966
0.999966
0.999966
0.999966
0.999967
0.999967
0.999967
0.999967
0.999967
0.999968
0.999968
0.999969
0.999969
0.999969
0.99997
0.99997
0.99997
0.99997
0.99997
0.999971
0.999971
0.999971
0.999971
0.999972
0.999972
0.999972
0.999972
0.999972
0.999973
0.999973
0.999973
0.999973
0.999973
0.999973
0.999973
0.999973
0.999973
0.999973
0.999974
0.999974
0.999974
0.999974
0.999974
0.999974
0.999974
0.999974
0.999974
0.999974
0.999975
0.999975
0.999975
0.999975
0.999975
0.999975
0.999975
0.999975
0.999975
0.999975
0.999975
0.999975
0.999975
0.999976
0.999976
0.999976
0.999976
0.999976
0.999976
0.999976
0.999976
0.999976
0.999976
0.999976
0.999976
0.999976
0.999976
0.999976
0.999976
0.999976
0.999976
0.999976
0.999976
0.999976
0.999976
0.999977
0.999977
0.999977
0.999977
0.999977
0.999977
0.999977
0.999977
0.999977
0.999977
0.999977
0.999977
0.999977
0.999977
0.999977
0.999977
0.999977
0.999978
0.999978
0.999978
0.999978
0.999978
0.999978
0.999978
0.999978
0.999978
0.999978
0.999978
0.999978
0.999978
0.999978
0.999978
0.999978
0.999978
0.999978
0.999978
0.999978
0.999978
0.999978
0.999979
0.999979
0.999979
0.999979
0.999979
0.999979
0.999979
0.999979
0.99998
0.99998
0.99998
0.99998
0.99998
0.99998
0.99998
0.99998
0.99998
0.99998
0.99998
0.99998
0.99998
0.99998
0.99998
0.99998
0.99998
0.99998
0.999981
0.999981
0.999981
0.999981
0.999981
0.999981
0.999981
0.999981
0.999981
0.999981
0.999981
0.999981
0.999982
0.999982
0.999982
0.999982
0.999982
0.999982
0.999982
0.999982
0.999982
0.999982
0.999982
0.999982
0.999982
0.999982
0.999982
0.999982
0.999982
0.999983
0.999983
0.999983
0.999983
0.999983
0.999983
0.999983
0.999983
0.999983
0.999983
0.999983
0.999983
0.999983
0.999983
0.999983
0.999983
0.999983
0.999983
0.999983
0.999984
0.999984
0.999984
0.999984
0.999984
0.999984
0.999984
0.999984
0.999984
0.999984
0.999984
0.999984
0.999984
0.999984
0.999984
0.999984
0.999984
0.999984
0.999984
0.999984
0.999984
0.999984
0.999984
0.999984
0.999984
0.999984
0.999984
0.999984
0.999984
0.999984
0.999985
0.999985
0.999985
0.999985
0.999985
0.999985
0.999985
0.999985
0.999985
0.999985
0.999985
0.999985
0.999985
0.999985
0.999985
0.999985
0.999985
0.999985
0.999985
0.999985
0.999985
0.999985
0.999985
0.999985
0.999985
0.999985
0.999985
0.999985
0.999986
0.999986
0.999986
0.999986
0.999986
0.999986
0.999986
0.999986
0.999986
0.999986
0.999986
0.999986
0.999986
0.999986
0.999986
0.999986
0.999986
0.999986
0.999986
0.999986
0.999986
0.999986
0.999986
0.999986
0.999986
0.999986
0.999986
0.999986
0.999986
0.999986
0.999986
0.999987
0.999987
0.999987
0.999987
0.999987
0.999987
0.999987
0.999987
0.999987
0.999987
0.999987
0.999987
0.999987
0.999987
0.999987
0.999987
0.999987
0.999987
0.999987
0.999987
0.999987
0.999987
0.999987
0.999987
0.999987
0.999987
0.999987
0.999987
0.999987
0.999987
0.999987
0.999988
0.999988
0.999988
0.999988
0.999988
0.999988
0.999988
0.999988
0.999988
0.999988
0.999988
0.999988
0.999988
0.999988
0.999988
0.999988
0.999988
0.999988
0.999988
0.999988
0.999988
0.999988
0.999988
0.999988
0.999988
0.999988
0.999988
0.999988
0.999988
0.999988
0.999988
0.999988
0.999988
0.999988
0.999988
0.999988
0.999988
0.999988
0.999988
0.999989
0.999989
0.999989
0.999989
0.999989
0.999989
0.999989
0.999989
0.999989
0.999989
0.999989
0.999989
0.999989
0.999989
0.999989
0.999989
0.999989
0.999989
0.999989
0.999989
0.999989
0.999989
0.999989
0.999989
0.999989
0.999989
0.999989
0.999989
0.999989
0.999989
0.999989
0.999989
0.999989
0.999989
0.999989
0.999989
0.999989
0.999989
0.999989
0.999989
0.999989
0.999989
0.999989
0.999989
0.99999
0.99999
0.99999
0.99999
0.99999
0.99999
0.99999
0.99999
0.99999
0.99999
0.99999
0.99999
0.99999
0.99999
0.99999
0.99999
0.99999
0.99999
0.99999
0.99999
0.99999
0.99999
0.99999
0.99999
0.99999
0.99999
0.99999
0.99999
0.99999
0.99999
0.99999
0.99999
0.99999
0.99999
0.99999
0.99999
0.99999
0.99999
0.99999
0.99999
0.99999
0.99999
0.99999
0.99999
0.99999
0.99999
0.99999
0.99999
0.99999
0.99999
0.99999
0.99999
0.99999
0.99999
0.99999
0.99999
0.99999
0.99999
0.99999
0.99999
0.99999
0.99999
0.99999
0.99999
0.99999
0.99999
0.99999
0.99999
0.999991
0.999991
0.999991
0.999991
0.999991
0.999991
0.999991
0.999991
0.999991
0.999991
0.999991
0.999991
0.999991
0.999991
0.999991
0.999991
0.999991
0.999991
0.999991
0.999991
0.999991
0.999991
0.999991
0.999991
0.999991
0.999991
0.999991
0.999991
0.999991
0.999991
0.999991
0.999991
0.999991
0.999991
0.999991
0.999991
0.999991
0.999991
0.999991
0.999991
0.999991
0.999991
0.999991
0.999991
0.999991
0.999991
0.999991
0.999991
0.999991
0.999991
0.999991
0.999991
0.999991
0.999991
0.999991
0.999991
0.999991
0.999991
0.999991
0.999991
0.999991
0.999991
0.999991
0.999991
0.999991
0.999991
0.999991
0.999991
0.999992
0.999992
0.999992
0.999992
0.999992
0.999992
0.999992
0.999992
0.999992
0.999992
0.999992
0.999992
0.999992
0.999992
0.999992
0.999992
0.999992
0.999992
0.999992
0.999992
0.999992
0.999992
0.999992
0.999992
0.999992
0.999992
0.999992
0.999992
0.999992
0.999992
0.999992
0.999992
0.999992
0.999992
0.999992
0.999992
0.999992
0.999992
0.999992
0.999992
0.999992
0.999992
0.999992
0.999992
0.999992
0.999992
0.999992
0.999992
0.999992
0.999992
0.999992
0.999992
0.999992
0.999992
0.999992
0.999992
0.999992
0.999992
0.999992
0.999992
0.999992
0.999992
0.999992
0.999992
0.999992
0.999992
0.999992
0.999992
0.999992
0.999992
0.999993
0.999993
0.999993
0.999993
0.999993
0.999993
0.999993
0.999993
0.999993
0.999993
0.999993
0.999993
0.999993
0.999993
0.999993
0.999993
0.999993
0.999993
0.999993
0.999993
0.999993
0.999993
0.999993
0.999993
0.999993
0.999993
0.999993
0.999993
0.999993
0.999993
0.999993
0.999993
0.999993
0.999993
0.999993
0.999993
0.999993
0.999993
0.999993
0.999993
0.999993
0.999993
0.999993
0.999993
0.999993
0.999993
0.999993
0.999993
0.999993
0.999993
0.999993
0.999993
0.999993
0.999993
0.999993
0.999993
0.999993
0.999993
0.999993
0.999993
0.999993
0.999993
0.999993
0.999993
0.999993
0.999993
0.999993
0.999993
0.999993
0.999993
0.999993
0.999993
0.999993
0.999993
0.999993
0.999993
0.999993
0.999993
0.999993
0.999993
0.999993
0.999993
0.999993
0.999993
0.999993
0.999993
0.999993
0.999993
0.999993
0.999993
0.999993
0.999993
0.999993
0.999993
0.999993
0.999993
0.999993
0.999993
0.999993
0.999993
0.999993
0.999993
0.999993
0.999993
0.999993
0.999993
0.999993
0.999993
0.999993
0.999993
0.999993
0.999993
0.999993
0.999993
0.999993
0.999993
0.999993
0.999993
0.999993
0.999993
0.999993
0.999993
0.999993
0.999993
0.999993
0.999994
0.999994
0.999994
0.999994
0.999994
0.999994
0.999994
0.999994
0.999994
0.999994
0.999994
0.999994
0.999994
0.999994
0.999994
0.999994
0.999994
0.999994
0.999994
0.999994
0.999994
0.999994
0.999994
0.999994
0.999994
0.999994
0.999994
0.999994
0.999994
0.999994
0.999994
0.999994
0.999994
0.999994
0.999994
0.999994
0.999994
0.999994
0.999994
0.999994
0.999994
0.999994
0.999994
0.999994
0.999994
0.999994
0.999994
0.999994
0.999994
0.999994
0.999994
0.999994
0.999994
0.999994
0.999994
0.999994
0.999994
0.999994
0.999994
0.999994
0.999994
0.999994
0.999994
0.999994
0.999994
0.999994
0.999994
0.999994
0.999994
0.999994
0.999994
0.999994
0.999994
0.999994
0.999994
0.999994
0.999994
0.999994
0.999994
0.999994
0.999994
0.999994
0.999994
0.999994
0.999994
0.999994
0.999994
0.999994
0.999994
0.999994
0.999994
0.999994
0.999994
0.999994
0.999994
0.999994
0.999994
0.999994
0.999994
0.999994
0.999994
0.999994
0.999994
0.999994
0.999994
0.999994
0.999994
0.999994
0.999994
0.999994
0.999994
0.999994
0.999994
0.999994
0.999994
0.999994
0.999994
0.999994
0.999994
0.999994
0.999994
0.999994
0.999994
0.999994
0.999994
0.999994
0.999994
0.999994
0.999994
0.999994
0.999994
0.999994
0.999994
0.999994
0.999994
0.999994
0.999994
0.999994
0.999994
0.999994
0.999994
0.999994
0.999994
0.999994
0.999994
0.999994
0.999994
0.999995
0.999995
0.999995
0.999995
0.999995
0.999995
0.999995
0.999995
0.999995
0.999995
0.999995
0.999995
0.999995
0.999995
0.999995
0.999995
0.999995
0.999995
0.999995
0.999995
0.999995
0.999995
0.999995
0.999995
0.999995
0.999995
0.999995
0.999995
0.999995
0.999995
0.999995
0.999995
0.999995
0.999995
0.999995
0.999995
0.999995
0.999995
0.999995
0.999995
0.999995
0.999995
0.999995
0.999995
0.999995
0.999995
0.999995
0.999995
0.999995
0.999995
0.999995
0.999995
0.999995
0.999995
0.999995
0.999995
0.999995
0.999995
0.999995
0.999995
0.999995
0.999995
0.999995
0.999995
0.999995
0.999995
0.999995
0.999995
0.999995
0.999995
0.999995
0.999995
0.999995
0.999995
0.999995
0.999995
0.999995
0.999995
0.999995
0.999995
0.999995
0.999995
0.999995
0.999995
0.999995
0.999995
0.999995
0.999995
0.999995
0.999995
0.999995
0.999995
0.999995
0.999995
0.999995
0.999995
0.999995
0.999995
0.999995
0.999995
0.999995
0.999995
0.999995
0.999995
0.999995
0.999995
0.999995
0.999995
0.999995
0.999995
0.999995
0.999995
0.999995
0.999995
0.999995
0.999995
0.999995
0.999995
0.999995
0.999995
0.999995
0.999995
0.999995
0.999995
0.999995
0.999995
0.999995
0.999995
0.999995
0.999995
0.999995
0.999995
0.999995
0.999995
0.999995
0.999995
0.999996
0.999996
0.999996
0.999996
0.999996
0.999996
0.999996
0.999996
0.999996
0.999996
0.999996
0.999996
0.999996
0.999996
0.999996
0.999996
0.999996
0.999996
0.999996
0.999996
0.999996
0.999996
0.999996
0.999996
0.999996
0.999996
0.999996
0.999996
0.999996
0.999996
0.999996
0.999996
0.999996
0.999996
0.999996
0.999996
0.999996
0.999996
0.999996
0.999996
0.999996
0.999996
0.999996
0.999996
0.999996
0.999996
0.999996
0.999996
0.999996
0.999996
0.999996
0.999996
0.999996
0.999996
0.999996
0.999996
0.999996
0.999996
0.999996
0.999996
0.999996
0.999996
0.999996
0.999996
0.999996
0.999996
0.999996
0.999996
0.999996
0.999996
0.999996
0.999996
0.999996
0.999996
0.999996
0.999996
0.999996
0.999996
0.999996
0.999996
0.999996
0.999996
0.999996
0.999996
0.999996
0.999996
0.999996
0.999996
0.999996
0.999996
0.999996
0.999996
0.999996
0.999996
0.999996
0.999996
0.999996
0.999996
0.999996
0.999996
0.999996
0.999996
0.999996
0.999996
0.999996
0.999996
0.999996
0.999996
0.999996
0.999996
0.999996
0.999996
0.999996
0.999996
0.999996
0.999996
0.999996
0.999996
0.999996
0.999996
0.999996
0.999996
0.999996
0.999996
0.999996
0.999996
0.999996
0.999996
0.999996
0.999996
0.999996
0.999996
0.999996
0.999996
0.999996
0.999996
0.999996
0.999996
0.999996
0.999996
0.999996
0.999996
0.999996
0.999996
0.999996
0.999996
0.999996
0.999996
0.999996
0.999996
0.999996
0.999996
0.999996
0.999996
0.999996
0.999996
0.999996
0.999996
0.999997
0.999997
0.999997
0.999997
0.999997
0.999997
0.999997
0.999997
0.999997
0.999997
0.999997
0.999997
0.999997
0.999997
0.999997
0.999997
0.999997
0.999997
0.999997
0.999997
0.999997
0.999997
0.999997
0.999997
0.999997
0.999997
0.999997
0.999997
0.999997
0.999997
0.999997
0.999997
0.999997
0.999997
0.999997
0.999997
0.999997
0.999997
0.999997
0.999997
0.999997
0.999997
0.999997
0.999997
0.999997
0.999997
0.999997
0.999997
0.999997
0.999997
0.999997
0.999997
0.999997
0.999997
0.999997
0.999997
0.999997
0.999997
0.999997
0.999997
0.999997
0.999997
0.999997
0.999997
0.999997
0.999997
0.999997
0.999997
0.999997
0.999997
0.999997
0.999997
0.999997
0.999997
0.999997
0.999997
0.999997
0.999997
0.999997
0.999997
0.999997
0.999997
0.999997
0.999997
0.999997
0.999997
0.999997
0.999997
0.999997
0.999997
0.999997
0.999997
0.999997
0.999997
0.999997
0.999997
0.999997
0.999997
0.999997
0.999997
0.999997
0.999997
0.999997
0.999997
0.999997
0.999997
0.999997
0.999997
0.999997
0.999997
0.999997
0.999997
0.999997
0.999997
0.999997
0.999997
0.999997
0.999997
0.999997
0.999997
0.999997
0.999997
0.999997
0.999997
0.999997
0.999997
0.999997
0.999997
0.999997
0.999997
0.999997
0.999997
0.999997
0.999997
0.999997
0.999997
0.999997
0.999997
0.999997
0.999997
0.999997
0.999997
0.999997
0.999997
0.999997
0.999997
0.999997
0.999997
0.999997
0.999997
0.999997
0.999997
0.999997
0.999997
0.999997
0.999997
0.999997
0.999997
0.999997
0.999997
0.999997
0.999997
0.999997
0.999997
0.999997
0.999997
0.999997
0.999997
0.999997
0.999997
0.999997
0.999997
0.999997
0.999997
0.999997
0.999997
0.999997
0.999997
0.999997
0.999997
0.999997
0.999997
0.999997
0.999997
0.999997
0.999997
0.999997
0.999997
0.999997
0.999997
0.999997
0.999997
0.999997
0.999997
0.999997
0.999997
0.999997
0.999997
0.999997
0.999997
0.999997
0.999997
0.999997
0.999997
0.999997
0.999997
0.999997
0.999997
0.999997
0.999997
0.999997
0.999997
0.999997
0.999997
0.999997
0.999997
0.999997
0.999997
0.999997
0.999997
0.999997
0.999997
0.999997
0.999997
0.999997
0.999997
0.999997
0.999997
0.999997
0.999997
0.999997
0.999997
0.999997
0.999997
0.999997
0.999997
0.999997
0.999997
0.999997
0.999997
0.999997
0.999997
0.999997
0.999997
0.999997
0.999997
0.999997
0.999997
0.999997
0.999997
0.999997
0.999997
0.999997
0.999997
0.999997
0.999997
0.999997
0.999997
0.999997
0.999997
0.999997
0.999997
0.999997
0.999997
0.999997
0.999997
0.999997
0.999997
0.999997
0.999997
0.999997
0.999997
0.999997
0.999997
0.999997
0.999997
0.999997
0.999997
0.999997
0.999997
0.999997
0.999997
0.999997
0.999997
0.999997
0.999997
0.999997
0.999997
0.999997
0.999997
0.999997
0.999997
0.999997
0.999997
0.999997
0.999997
0.999997
0.999997
0.999997
0.999997
0.999997
0.999997
0.999997
0.999997
0.999997
0.999997
0.999997
0.999997
0.999997
0.999997
0.999997
0.999997
0.999997
0.999997
0.999997
0.999997
0.999997
0.999997
0.999997
0.999997
0.999997
0.999997
0.999997
0.999997
0.999997
0.999997
0.999997
0.999997
0.999997
0.999997
0.999997
0.999997
0.999997
0.999997
0.999997
0.999997
0.999997
0.999997
0.999997
0.999997
0.999997
0.999997
0.999997
0.999997
0.999997
0.999997
0.999997
0.999997
0.999997
0.999997
0.999997
0.999997
0.999997
0.999997
0.999997
0.999997
0.999997
0.999997
0.999997
0.999997
0.999997
0.999997
0.999997
0.999997
0.999997
0.999997
0.999997
0.999997
0.999997
0.999997
0.999997
0.999997
0.999997
0.999997
0.999997
0.999997
0.999997
0.999997
0.999997
0.999997
0.999997
0.999997
0.999997
0.999997
0.999997
0.999997
0.999997
0.999997
0.999997
0.999997
0.999997
0.999997
0.999997
0.999997
0.999997
0.999997
0.999997
0.999997
0.999998
0.999998
0.999998
0.999998
0.999998
0.999998
0.999998
0.999998
0.999998
0.999998
0.999998
0.999998
0.999998
0.999998
0.999998
0.999998
0.999998
0.999998
0.999998
0.999998
0.999998
0.999998
0.999998
0.999998
0.999998
0.999998
0.999998
0.999998
0.999998
0.999998
0.999998
0.999998
0.999998
0.999998
0.999998
0.999998
0.999998
0.999998
0.999998
0.999998
0.999998
0.999998
0.999998
0.999998
0.999998
0.999998
0.999998
0.999998
0.999998
0.999998
0.999998
0.999998
0.999998
0.999998
0.999998
0.999998
0.999998
0.999998
0.999998
0.999998
0.999998
0.999998
0.999998
0.999998
0.999998
0.999998
0.999998
0.999998
0.999998
0.999998
0.999998
0.999998
0.999998
0.999998
0.999998
0.999998
0.999998
0.999998
0.999998
0.999998
0.999998
0.999998
0.999998
0.999998
0.999998
0.999998
0.999998
0.999998
0.999998
0.999998
0.999998
0.999998
0.999998
0.999998
0.999998
0.999998
0.999998
0.999998
0.999998
0.999998
0.999998
0.999998
0.999998
0.999998
0.999998
0.999998
0.999998
0.999998
0.999998
0.999998
0.999998
0.999998
0.999998
0.999998
0.999998
0.999998
0.999998
0.999998
0.999998
0.999998
0.999998
0.999998
0.999998
0.999998
0.999998
0.999998
0.999998
0.999998
0.999998
0.999998
0.999998
0.999998
0.999998
0.999998
0.999998
0.999998
0.999998
0.999998
0.999998
0.999998
0.999998
0.999998
0.999998
0.999998
0.999998
0.999998
0.999998
0.999998
0.999998
0.999998
0.999998
0.999998
0.999998
0.999998
0.999998
0.999998
0.999998
0.999998
0.999998
0.999998
0.999998
0.999998
0.999998
0.999998
0.999998
0.999998
0.999998
0.999998
0.999998
0.999998
0.999998
0.999998
0.999998
0.999998
0.999998
0.999998
0.999998
0.999998
0.999998
0.999998
0.999998
0.999998
0.999998
0.999998
0.999998
0.999998
0.999998
0.999998
0.999998
0.999998
0.999998
0.999998
0.999998
0.999998
0.999998
0.999998
0.999998
0.999998
0.999998
0.999998
0.999998
0.999998
0.999998
0.999998
0.999998
0.999998
0.999998
0.999998
0.999998
0.999998
0.999998
0.999998
0.999998
0.999998
0.999998
0.999998
0.999998
0.999998
0.999998
0.999998
0.999998
0.999998
0.999998
0.999998
0.999998
0.999998
0.999998
0.999998
0.999998
0.999998
0.999998
0.999998
0.999998
0.999998
0.999998
0.999998
0.999998
0.999998
0.999998
0.999998
0.999998
0.999998
0.999998
0.999998
0.999998
0.999998
0.999998
0.999998
0.999998
0.999998
0.999998
0.999998
0.999998
0.999998
0.999998
0.999998
0.999998
0.999998
0.999998
0.999998
0.999998
0.999998
0.999998
0.999998
0.999998
0.999998
0.999998
0.999998
0.999998
0.999998
0.999998
0.999998
0.999998
0.999998
0.999998
0.999998
0.999998
0.999998
0.999998
0.999998
0.999998
0.999998
0.999998
0.999998
0.999998
0.999998
0.999998
0.999998
0.999998
0.999998
0.999998
0.999998
0.999998
0.999998
0.999998
0.999998
0.999998
0.999998
0.999998
0.999998
0.999998
0.999998
0.999998
0.999998
0.999998
0.999998
0.999998
0.999998
0.999998
0.999998
0.999998
0.999998
0.999998
0.999998
0.999998
0.999998
0.999998
0.999998
0.999998
0.999998
0.999998
0.999998
0.999998
0.999998
0.999998
0.999998
0.999998
0.999998
0.999998
0.999998
0.999998
0.999998
0.999998
0.999998
0.999998
0.999998
0.999998
0.999998
0.999998
0.999998
0.999998
0.999998
0.999998
0.999998
0.999998
0.999998
0.999998
0.999998
0.999998
0.999998
0.999998
0.999998
0.999998
0.999998
0.999998
0.999998
0.999998
0.999998
0.999998
0.999998
0.999998
0.999998
0.999998
0.999998
0.999998
0.999998
0.999998
0.999998
0.999998
0.999998
0.999998
0.999998
0.999998
0.999998
0.999998
0.999998
0.999998
0.999998
0.999998
0.999998
0.999998
0.999998
0.999998
0.999998
0.999998
0.999998
0.999998
0.999998
0.999998
0.999998
0.999998
0.999998
0.999998
0.999998
0.999998
0.999998
0.999998
0.999998
0.999998
0.999998
0.999998
0.999998
0.999998
0.999998
0.999998
0.999998
0.999998
0.999998
0.999998
0.999998
0.999998
0.999998
0.999998
0.999998
0.999998
0.999998
0.999998
0.999998
0.999998
0.999998
0.999998
0.999998
0.999998
0.999998
0.999998
0.999998
0.999998
0.999998
0.999998
0.999998
0.999998
0.999998
0.999998
0.999998
0.999998
0.999998
0.999998
0.999998
0.999998
0.999998
0.999998
0.999998
0.999998
0.999998
0.999998
0.999998
0.999998
0.999998
0.999998
0.999998
0.999998
0.999998
0.999998
0.999998
0.999998
0.999998
0.999998
0.999998
0.999998
0.999998
0.999998
0.999998
0.999998
0.999998
0.999998
0.999998
0.999998
0.999998
0.999998
0.999998
0.999998
0.999998
0.999998
0.999998
0.999998
0.999998
0.999998
0.999998
0.999998
0.999998
0.999998
0.999998
0.999998
0.999998
0.999998
0.999998
0.999998
0.999998
0.999998
0.999998
0.999998
0.999998
0.999998
0.999998
0.999998
0.999998
0.999998
0.999998
0.999998
0.999998
0.999998
0.999998
0.999998
0.999998
0.999998
0.999998
0.999998
0.999998
0.999998
0.999998
0.999998
0.999998
0.999998
0.999998
0.999998
0.999998
0.999998
0.999998
0.999998
0.999998
0.999998
0.999998
0.999998
0.999998
0.999998
0.999998
0.999998
0.999998
0.999998
0.999998
0.999998
0.999998
0.999998
0.999998
0.999998
0.999998
0.999998
0.999998
0.999998
0.999998
0.999998
0.999998
0.999998
0.999998
0.999998
0.999998
0.999998
0.999998
0.999998
0.999998
0.999998
0.999998
0.999998
0.999998
0.999998
0.999998
0.999998
0.999998
0.999998
0.999998
0.999998
0.999998
0.999998
0.999998
0.999998
0.999998
0.999998
0.999998
0.999998
0.999998
0.999998
0.999998
0.999998
0.999998
0.999998
0.999998
0.999998
0.999998
0.999998
0.999998
0.999998
0.999998
0.999998
0.999998
0.999998
0.999998
0.999998
0.999998
0.999998
0.999998
0.999998
0.999998
0.999998
0.999998
0.999998
0.999998
0.999998
0.999998
0.999998
0.999998
0.999998
0.999998
0.999998
0.999998
0.999998
0.999998
0.999998
0.999998
0.999998
0.999998
0.999998
0.999998
0.999998
0.999998
0.999998
0.999998
0.999998
0.999998
0.999998
0.999998
0.999998
0.999998
0.999998
0.999998
0.999998
0.999998
0.999998
0.999998
0.999998
0.999998
0.999998
0.999998
0.999998
0.999998
0.999998
0.999998
0.999998
0.999998
0.999998
0.999998
0.999998
0.999998
0.999998
0.999998
0.999998
0.999998
0.999998
0.999998
0.999998
0.999998
0.999998
0.999998
0.999998
0.999998
0.999998
0.999998
0.999998
0.999998
0.999998
0.999998
0.999998
0.999998
0.999998
0.999998
0.999998
0.999998
0.999998
0.999998
0.999998
0.999998
0.999998
0.999998
0.999998
0.999998
0.999998
0.999998
0.999998
0.999998
0.999998
0.999998
0.999998
0.999998
0.999998
0.999998
0.999998
0.999998
0.999998
0.999998
0.999998
0.999998
0.999998
0.999998
0.999998
0.999998
0.999998
0.999998
0.999998
0.999998
0.999998
0.999998
0.999998
0.999998
0.999998
0.999998
0.999998
0.999998
0.999998
0.999998
0.999998
0.999998
0.999998
0.999998
0.999998
0.999998
0.999998
0.999998
0.999998
0.999998
0.999998
0.999998
0.999998
0.999998
0.999998
0.999998
0.999998
0.999998
0.999998
0.999998
0.999998
0.999998
0.999998
0.999998
0.999998
0.999998
0.999998
0.999998
0.999998
0.999998
0.999998
0.999998
0.999998
0.999998
0.999998
0.999998
0.999998
0.999998
0.999998
0.999998
0.999998
0.999998
0.999998
0.999998
0.999998
0.999998
0.999998
0.999998
0.999998
0.999998
0.999998
0.999998
0.999998
0.999998
0.999998
0.999998
0.999998
0.999998
0.999998
0.999998
0.999998
0.999998
0.999998
0.999998
0.999998
0.999998
0.999998
0.999998
0.999998
0.999998
0.999998
0.999998
0.999998
0.999998
0.999998
0.999998
0.999998
0.999998
0.999998
0.999998
0.999998
0.999998
0.999998
0.999998
0.999998
0.999998
0.999998
0.999998
0.999998
0.999998
0.999998
0.999998
0.999998
0.999998
0.999998
0.999998
0.999998
0.999998
0.999998
0.999998
0.999998
0.999998
0.999998
0.999998
0.999998
0.999998
0.999998
0.999998
0.999998
0.999998
0.999998
0.999998
0.999998
0.999998
0.999998
0.999998
0.999998
0.999998
0.999998
0.999998
0.999998
0.999998
0.999998
0.999998
0.999998
0.999998
0.999998
0.999998
0.999998
0.999998
0.999998
0.999998
0.999998
0.999999
0.999999
0.999999
0.999999
0.999999
0.999999
0.999999
0.999999
0.999999
0.999999
0.999999
0.999999
0.999999
0.999999
0.999999
0.999999
0.999999
0.999999
0.999999
0.999999
0.999999
0.999999
0.999999
0.999999
0.999999
0.999999
0.999999
0.999999
0.999999
0.999999
0.999999
0.999999
0.999999
0.999999
0.999999
0.999999
0.999999
0.999999
0.999999
0.999999
0.999999
0.999999
0.999999
0.999999
0.999999
0.999999
0.999999
0.999999
0.999999
0.999999
0.999999
0.999999
0.999999
0.999999
0.999999
0.999999
0.999999
0.999999
0.999999
0.999999
0.999999
0.999999
0.999999
0.999999
0.999999
0.999999
0.999999
0.999999
0.999999
0.999999
0.999999
0.999999
0.999999
0.999999
0.999999
0.999999
0.999999
0.999999
0.999999
0.999999
0.999999
0.999999
0.999999
0.999999
0.999999
0.999999
0.999999
0.999999
0.999999
0.999999
0.999999
0.999999
0.999999
0.999999
0.999999
0.999999
0.999999
0.999999
0.999999
0.999999
0.999999
0.999999
0.999999
0.999999
0.999999
0.999999
0.999999
0.999999
0.999999
0.999999
0.999999
0.999999
0.999999
0.999999
0.999999
0.999999
0.999999
0.999999
0.999999
0.999999
0.999999
0.999999
0.999999
0.999999
0.999999
0.999999
0.999999
0.999999
0.999999
0.999999
0.999999
0.999999
0.999999
0.999999
0.999999
0.999999
0.999999
0.999999
0.999999
0.999999
0.999999
0.999999
0.999999
0.999999
0.999999
0.999999
0.999999
0.999999
0.999999
0.999999
0.999999
0.999999
0.999999
0.999999
0.999999
0.999999
0.999999
0.999999
0.999999
0.999999
0.999999
0.999999
0.999999
0.999999
0.999999
0.999999
0.999999
0.999999
0.999999
0.999999
0.999999
0.999999
0.999999
0.999999
0.999999
0.999999
0.999999
0.999999
0.999999
0.999999
0.999999
0.999999
0.999999
0.999999
0.999999
0.999999
0.999999
0.999999
0.999999
0.999999
0.999999
0.999999
0.999999
0.999999
0.999999
0.999999
0.999999
0.999999
0.999999
0.999999
0.999999
0.999999
0.999999
0.999999
0.999999
0.999999
0.999999
0.999999
0.999999
0.999999
0.999999
0.999999
0.999999
0.999999
0.999999
0.999999
0.999999
0.999999
0.999999
0.999999
0.999999
0.999999
0.999999
0.999999
0.999999
0.999999
0.999999
0.999999
0.999999
0.999999
0.999999
0.999999
0.999999
0.999999
0.999999
0.999999
0.999999
0.999999
0.999999
0.999999
0.999999
0.999999
0.999999
0.999999
0.999999
0.999999
0.999999
0.999999
0.999999
0.999999
0.999999
0.999999
0.999999
0.999999
0.999999
0.999999
0.999999
0.999999
0.999999
0.999999
0.999999
0.999999
0.999999
0.999999
0.999999
0.999999
0.999999
0.999999
0.999999
0.999999
0.999999
0.999999
0.999999
0.999999
0.999999
0.999999
0.999999
0.999999
0.999999
0.999999
0.999999
0.999999
0.999999
0.999999
0.999999
0.999999
0.999999
0.999999
0.999999
0.999999
0.999999
0.999999
0.999999
0.999999
0.999999
0.999999
0.999999
0.999999
0.999999
0.999999
0.999999
0.999999
0.999999
0.999999
0.999999
0.999999
0.999999
0.999999
0.999999
0.999999
0.999999
0.999999
0.999999
0.999999
0.999999
0.999999
0.999999
0.999999
0.999999
0.999999
0.999999
0.999999
0.999999
0.999999
0.999999
0.999999
0.999999
0.999999
0.999999
0.999999
0.999999
0.999999
0.999999
0.999999
0.999999
0.999999
0.999999
0.999999
0.999999
0.999999
0.999999
0.999999
0.999999
0.999999
0.999999
0.999999
0.999999
0.999999
0.999999
0.999999
0.999999
0.999999
0.999999
0.999999
0.999999
0.999999
0.999999
0.999999
0.999999
0.999999
0.999999
0.999999
0.999999
0.999999
0.999999
0.999999
0.999999
0.999999
0.999999
0.999999
0.999999
0.999999
0.999999
0.999999
0.999999
0.999999
0.999999
0.999999
0.999999
0.999999
0.999999
0.999999
0.999999
0.999999
0.999999
0.999999
0.999999
0.999999
0.999999
0.999999
0.999999
0.999999
0.999999
0.999999
0.999999
0.999999
0.999999
0.999999
0.999999
0.999999
0.999999
0.999999
0.999999
0.999999
0.999999
0.999999
0.999999
0.999999
0.999999
0.999999
0.999999
0.999999
0.999999
0.999999
0.999999
0.999999
0.999999
0.999999
0.999999
0.999999
0.999999
0.999999
0.999999
0.999999
0.999999
0.999999
0.999999
0.999999
0.999999
0.999999
0.999999
0.999999
0.999999
0.999999
0.999999
0.999999
0.999999
0.999999
0.999999
0.999999
0.999999
0.999999
0.999999
0.999999
0.999999
0.999999
0.999999
0.999999
0.999999
0.999999
0.999999
0.999999
0.999999
0.999999
0.999999
0.999999
0.999999
0.999999
0.999999
0.999999
0.999999
0.999999
0.999999
0.999999
0.999999
0.999999
0.999999
0.999999
0.999999
0.999999
0.999999
0.999999
0.999999
0.999999
0.999999
0.999999
0.999999
0.999999
0.999999
0.999999
0.999999
0.999999
0.999999
0.999999
0.999999
0.999999
0.999999
0.999999
0.999999
0.999999
0.999999
0.999999
0.999999
0.999999
0.999999
0.999999
0.999999
0.999999
0.999999
0.999999
0.999999
0.999999
0.999999
0.999999
0.999999
0.999999
0.999999
0.999999
0.999999
0.999999
0.999999
0.999999
0.999999
0.999999
0.999999
0.999999
0.999999
0.999999
0.999999
0.999999
0.999999
0.999999
0.999999
0.999999
0.999999
0.999999
0.999999
0.999999
0.999999
0.999999
0.999999
0.999999
0.999999
0.999999
0.999999
0.999999
0.999999
0.999999
0.999999
0.999999
0.999999
0.999999
0.999999
0.999999
0.999999
0.999999
0.999999
0.999999
0.999999
0.999999
0.999999
0.999999
0.999999
0.999999
0.999999
0.999999
0.999999
0.999999
0.999999
0.999999
0.999999
0.999999
0.999999
0.999999
0.999999
0.999999
0.999999
0.999999
0.999999
0.999999
0.999999
0.999999
0.999999
0.999999
0.999999
0.999999
0.999999
0.999999
0.999999
0.999999
0.999999
0.999999
0.999999
0.999999
0.999999
0.999999
0.999999
0.999999
0.999999
0.999999
0.999999
0.999999
0.999999
0.999999
0.999999
0.999999
0.999999
0.999999
0.999999
0.999999
0.999999
0.999999
0.999999
0.999999
0.999999
0.999999
0.999999
0.999999
0.999999
0.999999
0.999999
0.999999
0.999999
0.999999
0.999999
0.999999
0.999999
0.999999
0.999999
0.999999
0.999999
0.999999
0.999999
0.999999
0.999999
0.999999
0.999999
0.999999
0.999999
0.999999
0.999999
0.999999
0.999999
0.999999
0.999999
0.999999
0.999999
0.999999
0.999999
0.999999
0.999999
0.999999
0.999999
0.999999
0.999999
0.999999
0.999999
0.999999
0.999999
0.999999
0.999999
0.999999
0.999999
0.999999
0.999999
0.999999
0.999999
0.999999
0.999999
0.999999
0.999999
0.999999
0.999999
0.999999
0.999999
0.999999
0.999999
0.999999
0.999999
0.999999
0.999999
0.999999
0.999999
0.999999
0.999999
0.999999
0.999999
0.999999
0.999999
0.999999
0.999999
0.999999
0.999999
0.999999
0.999999
0.999999
0.999999
0.999999
0.999999
0.999999
0.999999
0.999999
0.999999
0.999999
0.999999
0.999999
0.999999
0.999999
0.999999
0.999999
0.999999
0.999999
0.999999
0.999999
0.999999
0.999999
0.999999
0.999999
0.999999
0.999999
0.999999
0.999999
0.999999
0.999999
0.999999
0.999999
0.999999
0.999999
0.999999
0.999999
0.999999
0.999999
0.999999
0.999999
0.999999
0.999999
0.999999
0.999999
0.999999
0.999999
0.999999
0.999999
0.999999
0.999999
0.999999
0.999999
0.999999
0.999999
0.999999
0.999999
0.999999
0.999999
0.999999
0.999999
0.999999
0.999999
0.999999
0.999999
0.999999
0.999999
0.999999
0.999999
0.999999
0.999999
0.999999
0.999999
0.999999
0.999999
0.999999
0.999999
0.999999
0.999999
0.999999
0.999999
0.999999
0.999999
0.999999
0.999999
0.999999
0.999999
0.999999
0.999999
0.999999
0.999999
0.999999
0.999999
0.999999
0.999999
0.999999
0.999999
0.999999
0.999999
0.999999
0.999999
0.999999
0.999999
0.999999
0.999999
0.999999
0.999999
0.999999
0.999999
0.999999
0.999999
0.999999
0.999999
0.999999
0.999999
0.999999
0.999999
0.999999
0.999999
0.999999
0.999999
0.999999
0.999999
0.999999
0.999999
0.999999
0.999999
0.999999
0.999999
0.999999
0.999999
0.999999
0.999999
0.999999
0.999999
0.999999
0.999999
0.999999
0.999999
0.999999
0.999999
0.999999
0.999999
0.999999
0.999999
0.999999
0.999999
0.999999
0.999999
0.999999
0.999999
0.999999
0.999999
0.999999
0.999999
0.999999
0.999999
0.999999
0.999999
0.999999
0.999999
0.999999
0.999999
0.999999
0.999999
0.999999
0.999999
0.999999
0.999999
0.999999
0.999999
0.999999
0.999999
0.999999
0.999999
0.999999
0.999999
0.999999
0.999999
0.999999
0.999999
0.999999
0.999999
0.999999
0.999999
0.999999
0.999999
0.999999
0.999999
0.999999
0.999999
0.999999
0.999999
0.999999
0.999999
0.999999
0.999999
0.999999
0.999999
0.999999
0.999999
0.999999
0.999999
0.999999
0.999999
0.999999
0.999999
0.999999
0.999999
0.999999
0.999999
0.999999
0.999999
0.999999
0.999999
0.999999
0.999999
0.999999
0.999999
0.999999
0.999999
0.999999
0.999999
0.999999
0.999999
0.999999
0.999999
0.999999
0.999999
0.999999
0.999999
0.999999
0.999999
0.999999
0.999999
0.999999
0.999999
0.999999
0.999999
0.999999
0.999999
0.999999
0.999999
0.999999
0.999999
0.999999
0.999999
0.999999
0.999999
0.999999
0.999999
0.999999
0.999999
0.999999
0.999999
0.999999
0.999999
0.999999
0.999999
0.999999
0.999999
0.999999
0.999999
0.999999
0.999999
0.999999
0.999999
0.999999
0.999999
0.999999
0.999999
0.999999
0.999999
0.999999
0.999999
0.999999
0.999999
0.999999
0.999999
0.999999
0.999999
0.999999
0.999999
0.999999
0.999999
0.999999
0.999999
0.999999
0.999999
0.999999
0.999999
0.999999
0.999999
0.999999
0.999999
0.999999
0.999999
0.999999
0.999999
0.999999
0.999999
0.999999
0.999999
0.999999
0.999999
0.999999
0.999999
0.999999
0.999999
0.999999
0.999999
0.999999
0.999999
0.999999
0.999999
0.999999
0.999999
0.999999
0.999999
0.999999
0.999999
0.999999
0.999999
0.999999
0.999999
0.999999
0.999999
0.999999
0.999999
0.999999
0.999999
0.999999
0.999999
0.999999
0.999999
0.999999
0.999999
0.999999
0.999999
0.999999
0.999999
0.999999
0.999999
0.999999
0.999999
0.999999
0.999999
0.999999
0.999999
0.999999
0.999999
0.999999
0.999999
0.999999
0.999999
0.999999
0.999999
0.999999
0.999999
0.999999
0.999999
0.999999
0.999999
0.999999
0.999999
0.999999
0.999999
0.999999
0.999999
0.999999
0.999999
0.999999
0.999999
0.999999
0.999999
0.999999
0.999999
0.999999
0.999999
0.999999
0.999999
0.999999
0.999999
0.999999
0.999999
0.999999
0.999999
0.999999
0.999999
0.999999
0.999999
0.999999
0.999999
0.999999
0.999999
0.999999
0.999999
0.999999
0.999999
0.999999
0.999999
0.999999
0.999999
0.999999
0.999999
0.999999
0.999999
0.999999
0.999999
0.999999
0.999999
0.999999
0.999999
0.999999
0.999999
0.999999
0.999999
0.999999
0.999999
0.999999
0.999999
0.999999
0.999999
0.999999
0.999999
0.999999
0.999999
0.999999
0.999999
0.999999
0.999999
0.999999
0.999999
0.999999
0.999999
0.999999
0.999999
0.999999
0.999999
0.999999
0.999999
0.999999
0.999999
0.999999
0.999999
0.999999
0.999999
0.999999
0.999999
0.999999
0.999999
0.999999
0.999999
0.999999
0.999999
0.999999
0.999999
0.999999
0.999999
0.999999
0.999999
0.999999
0.999999
0.999999
0.999999
0.999999
0.999999
0.999999
0.999999
0.999999
0.999999
0.999999
0.999999
0.999999
0.999999
0.999999
0.999999
0.999999
0.999999
0.999999
0.999999
0.999999
0.999999
0.999999
0.999999
0.999999
0.999999
0.999999
0.999999
0.999999
0.999999
0.999999
0.999999
0.999999
0.999999
0.999999
0.999999
0.999999
0.999999
0.999999
0.999999
0.999999
0.999999
0.999999
0.999999
0.999999
0.999999
0.999999
0.999999
0.999999
0.999999
0.999999
0.999999
0.999999
0.999999
0.999999
0.999999
0.999999
0.999999
0.999999
0.999999
0.999999
0.999999
0.999999
0.999999
0.999999
0.999999
0.999999
0.999999
0.999999
0.999999
0.999999
0.999999
0.999999
0.999999
0.999999
0.999999
0.999999
0.999999
0.999999
0.999999
0.999999
0.999999
0.999999
0.999999
0.999999
0.999999
0.999999
0.999999
0.999999
0.999999
0.999999
0.999999
0.999999
0.999999
0.999999
0.999999
0.999999
0.999999
0.999999
0.999999
0.999999
0.999999
0.999999
0.999999
0.999999
0.999999
0.999999
0.999999
0.999999
0.999999
0.999999
0.999999
0.999999
0.999999
0.999999
0.999999
0.999999
0.999999
0.999999
0.999999
0.999999
0.999999
0.999999
0.999999
0.999999
0.999999
0.999999
0.999999
0.999999
0.999999
0.999999
0.999999
0.999999
0.999999
0.999999
0.999999
0.999999
0.999999
0.999999
0.999999
0.999999
0.999999
0.999999
0.999999
0.999999
0.999999
0.999999
0.999999
0.999999
0.999999
0.999999
0.999999
0.999999
0.999999
0.999999
0.999999
0.999999
0.999999
0.999999
0.999999
0.999999
0.999999
0.999999
0.999999
0.999999
0.999999
0.999999
0.999999
0.999999
0.999999
0.999999
0.999999
0.999999
0.999999
0.999999
0.999999
0.999999
0.999999
0.999999
0.999999
0.999999
0.999999
0.999999
0.999999
0.999999
0.999999
0.999999
0.999999
0.999999
0.999999
0.999999
0.999999
0.999999
0.999999
0.999999
0.999999
0.999999
0.999999
0.999999
0.999999
0.999999
0.999999
0.999999
0.999999
0.999999
0.999999
0.999999
0.999999
0.999999
0.999999
1
1
1
1
1
1
1
1
1
1
1
1
1
1
1
1
1
1
1
1
1
1
1
1
1
1
1
1
1
1
1
1
1
1
1
1
1
1
1
1
1
1
1
1
1
1
1
1
1
1
1
1
1
1
1
1
1
1
1
1
1
1
1
1
1
1
1
1
1
1
1
1
1
1
1
1
1
1
1
1
1
1
1
1
1
1
1
1
1
1
1
1
1
1
1
1
1
1
1
1
1
1
1
1
1
1
1
1
1
1
1
1
1
1
1
1
1
1
1
1
1
1
1
1
1
1
1
1
1
1
1
1
1
1
1
1
1
1
1
1
1
1
1
1
1
1
1
1
1
1
1
1
1
1
1
1
1
1
1
1
1
1
1
1
1
1
1
1
1
1
1
1
1
1
1
1
1
1
1
1
1
1
1
1
1
1
1
1
1
1
1
1
1
1
1
1
1
1
1
1
1
1
1
1
1
1
1
1
1
1
1
1
1
1
1
1
1
1
1
1
1
1
1
1
1
1
1
1
1
1
1
1
1
1
1
1
1
1
1
1
1
1
1
1
1
1
1
1
1
1
1
1
1
1
1
1
1
1
1
1
1
1
1
1
1
1
1
1
1
1
1
1
1
1
1
1
1
1
1
1
1
1
1
1
1
1
1
1
1
1
1
1
1
1
1
1
1
1
1
1
1
1
1
1
1
1
1
1
1
1
1
1
1
1
1
1
1
1
1
1
1
1
1
1
1
1
1
1
1
1
1
1
1
1
1
1
1
1
1
1
1
1
1
1
1
1
1
1
1
1
1
1
1
1
1
1
1
1
1
1
1
1
1
1
1
1
1
1
1
1
1
1
1
1
1
1
1
1
1
1
1
1
1
1
1
1
1
1
1
1
1
1
1
1
1
1
1
1
1
1
1
1
1
1
1
1
1
1
1
1
1
1
1
1
1
1
1
1
1
1
1
1
1
1
1
1
1
1
1
1
1
1
1
1
1
1
1
1
1
1
1
1
1
1
1
1
1
1
1
1
1
1
1
1
1
1
1
1
1
1
1
1
1
1
1
1
1
1
1
1
1
1
1
1
1
1
1
1
1
1
1
1
1
1
1
1
1
1
1
1
1
1
1
1
1
1
1
1
1
1
1
1
1
1
1
1
1
1
1
1
1
1
1
1
1
1
1
1
1
1
1
1
1
1
1
1
1
1
1
1
1
1
1
1
1
1
1
1
1
1
1
1
1
1
1
1
1
1
1
1
1
1
1
1
1
1
1
1
1
1
1
1
1
1
1
1
1
1
1
1
1
1
1
1
1
1
1
1
1
1
1
1
1
1
1
1
1
1
1
1
1
1
1
1
1
1
1
1
1
1
1
1
1
1
1
1
1
1
1
1
1
1
1
1
1
1
1
1
1
1
1
1
1
1
1
1
1
1
1
1
1
1
1
1
1
1
1
1
1
1
1
1
1
1
1
1
1
1
1
1
1
1
1
1
1
1
1
1
1
1
1
1
1
1
1
1
1
1
1
1
1
1
1
1
1
1
1
1
1
1
1
1
1
1
1
1
1
1
1
1
1
1
1
1
1
1
1
1
1
1
1
1
1
1
1
1
1
1
1
1
1
1
1
1
1
1
1
1
1
1
1
1
1
1
1
1
1
1
1
1
1
1
1
1
1
1
1
1
1
1
1
1
1
1
1
1
1
1
1
1
1
1
1
1
1
1
1
1
1
1
1
1
1
1
1
1
1
1
1
1
1
1
1
1
1
1
1
1
1
1
1
1
1
1
1
1
1
1
1
1
1
1
1
1
1
1
1
1
1
1
1
1
1
1
1
1
1
1
1
1
1
1
1
1
1
1
1
1
1
1
1
1
1
1
1
1
1
1
1
1
1
1
1
1
1
1
1
1
1
1
1
1
1
1
1
1
1
1
1
1
1
1
1
1
1
1
1
1
1
1
1
1
1
1
1
1
1
1
1
1
1
1
1
1
1
1
1
1
1
1
1
1
1
1
1
1
1
1
1
1
1
1
1
1
1
1
1
1
1
1
1
1
1
1
1
1
1
1
1
1
1
1
1
1
1
1
1
1
1
1
1
1
1
1
1
1
1
1
1
1
1
1
1
1
1
1
1
1
1
1
1
1
1
1
1
1
1
1
1
1
1
1
1
1
1
1
1
1
1
1
1
1
1
1
1
1
1
1
1
1
1
1
1
1
1
1
1
1
1
1
1
1
1
1
1
1
1
1
1
1
1
1
1
1
1
1
1
1
1
1
1
1
1
1
1
1
1
1
1
1
1
1
1
1
1
1
1
1
1
1
1
1
1
1
1
1
1
1
1
1
1
1
1
1
1
1
1
1
1
1
1
1
1
1
1
1
1
1
1
1
1
1
1
1
1
1
1
1
1
1
1
1
1
1
1
1
1
1
1
1
1
1
1
1
1
1
1
1
1
1
1
1
1
1
1
1
1
1
1
1
1
1
1
1
1
1
1
1
1
1
1
1
1
1
1
1
1
1
1
1
1
1
1
1
1
1
1
1
1
1
1
1
1
1
1
1
1
1
1
1
1
1
1
1
1
1
1
1
1
1
1
1
1
1
1
1
1
1
1
1
1
1
1
1
1
1
1
1
1
1
1
1
1
1
1
1
1
1
1
1
1
1
1
1
1
1
1
1
1
1
1
1
1
1
1
1
1
1
1
1
1
1
1
1
1
1
1
1
1
1
1
1
1
1
1
1
1
1
1
1
1
1
1
1
1
1
1
1
1
1
1
1
1
1
1
1
1
1
1
1
1
1
1
1
1
1
1
1
1
1
1
1
1
1
1
1
1
1
1
1
1
1
1
1
1
1
1
1
1
1
1
1
1
1
1
1
1
1
1
1
1
1
1
1
1
1
1
1
1
1
1
1
1
1
1
1
1
1
1
1
1
1
1
1
1
1
1
1
1
1
1
1
1
1
1
1
1
1
1
1
1
1
1
1
1
1
1
1
1
1
1
1
1
1
1
1
1
1
1
1
1
1
1
1
1
1
1
1
1
1
1
1
1
1
1
1
1
1
1
1
1
1
1
1
1
1
1
1
1
1
1
1
1
1
1
1
1
1
1
1
1
1
1
1
1
1
1
1
1
1
1
1
1
1
1
1
1
1
1
1
1
1
1
1
1
1
1
1
1
1
1
1
1
1
1
1
1
1
1
1
1
1
1
1
1
1
1
1
1
1
1
1
1
1
1
1
1
1
1
1
1
1
1
1
1
1
1
1
1
1
1
1
1
1
1
1
1
1
1
1
1
1
1
1
1
1
1
1
1
1
1
1
1
1
1
1
1
1
1
1
1
1
1
1
1
1
1
1
1
1
1
1
1
1
1
1
1
1
1
1
1
1
1
1
1
1
1
1
1
1
1
1
1
1
1
1
1
1
1
1
1
1
1
1
1
1
1
1
1
1
1
1
1
1
1
1
1
1
1
1
1
1
1
1
1
1
1
1
1
1
1
1
1
1
1
1
1
1
1
1
1
1
1
1
1
1
1
1
1
1
1
1
1
1
1
1
1
1
1
1
1
1
1
1
1
1
1
1
1
1
1
1
1
1
1
1
1
1
1
1
1
1
1
1
1
1
1
1
1
1
1
1
1
1
1
1
1
1
1
1
1
1
1
1
1
1
1
1
1
1
1
1
1
1
1
1
1
1
1
1
1
1
1
1
1
1
1
1
1
1
1
1
1
1
1
1
1
1
1
1
1
1
1
1
1
1
1
1
1
1
1
1
1
1
1
1
1
1
1
1
1
1
1
1
1
1
1
1
1
1
1
1
1
1
1
1
1
1
1
1
1
1
1
1
1
1
1
1
1
1
1
1
1
1
1
1
1
1
1
1
1
1
1
1
1
1
1
1
1
1
1
1
1
1
1
1
1
1
1
1
1
1
1
1
1
1
1
1
1
1
1
1
1
1
1
1
1
1
1
1
1
1
1
1
1
1
1
1
1
1
1
1
1
1
1
1
1
1
1
1
1
1
1
1
1
1
1
1
1
1
1
1
1
1
1
1
1
1
1
1
1
1
1
1
1
1
1
1
1
1
1
1
1
1
1
1
1
1
1
1
1
1
1
1
1
1
1
1
1
1
1
1
1
1
1
1
1
1
1
1
1
1
1
1
1
1
1
1
1
1
1
1
1
1
1
1
1
1
1
1
1
1
1
1
1
1
1
1
1
1
1
1
1
1
1
1
1
1
1
1
1
1
1
1
1
1
1
1
1
1
1
1
1
1
1
1
1
1
1
1
1
1
1
1
1
1
1
1
1
1
1
1
1
1
1
1
1
1
1
1
1
1
1
1
1
1
1
1
1
1
1
1
1
1
1
1
1
1
1
1
1
1
1
1
1
1
1
1
1
1
1
1
1
1
1
1
1
1
1
1
1
1
1
1
1
1
1
1
1
1
1
1
1
1
1
1
1
1
1
1
1
1
1
1
1
1
1
1
1
1
1
1
1
1
1
1
1
1
1
1
1
1
1
1
1
1
1
1
1
1
1
1
1
1
1
1
1
1
1
1
1
1
1
1
1
1
1
1
1
1
1
1
1
1
1
1
1
1
1
1
1
1
1
1
1
1
1
1
1
1
1
1
1
1
1
1
1
1
1
1
1
1
1
1
1
1
1
1
1
1
1
1
1
1
1
1
1
1
1
1
1
1
1
1
1
1
1
1
1
1
1
1
1
1
1
1
1
1
1
1
1
1
1
1
1
1
1
1
1
1
1
1
1
1
1
1
1
1
1
1
1
1
1
1
1
1
1
1
1
1
1
1
1
1
1
1
1
1
1
1
1
1
1
1
1
1
1
1
1
1
1
1
1
1
1
1
1
1
1
1
1
1
1
1
1
1
1
1
1
1
1
1
1
1
1
1
1
1
1
1
1
1
1
1
1
1
1
1
1
1
1
1
1
1
1
1
1
1
1
1
1
1
1
1
1
1
1
1
1
1
1
1
1
1
1
1
1
1
1
1
1
1
1
1
1
1
1
1
1
1
1
1
1
1
1
1
1
1
1
1
1
1
1
1
1
1
1
1
1
1
1
1
1
1
1
1
1
1
1
1
1
1
1
1
1
1
1
1
1
1
1
1
1
1
1
1
1
1
1
1
1
1
1
1
1
1
1
1
1
1
1
1
1
1
1
1
1
1
1
1
1
1
1
1
1
1
1
1
1
1
1
1
1
1
1
1
1
1
1
1
1
1
1
1
1
1
1
1
1
1
1
1
1
1
1
1
1
1
1
1
1
1
1
1
1
1
1
1
1
1
1
1
1
1
1
1
1
1
1
1
1
1
1
1
1
1
1
1
1
1
1
1
1
1
1
1
1
1
1
1
1
1
1
1
1
1
1
1
1
1
1
1
1
1
1
1
1
1
1
1
1
1
1
1
1
1
1
1
1
1
1
1
1
1
1
1
1
1
1
1
1
1
1
1
1
1
1
1
1
1
1
1
1
1
1
1
1
1
1
1
1
1
1
1
1
1
1
1
1
1
1
1
1
1
1
1
1
1
1
1
1
1
1
1
1
1
1
1
1
1
1
1
1
1
1
1
1
1
1
1
1
1
1
1
1
1
1
1
1
1
1
1
1
1
1
1
1
1
1
1
1
1
1
1
1
1
1
1
1
1
1
1
1
1
1
1
1
1
1
1
1
1
1
1
1
1
1
1
1
1
1
1
1
1
1
1
1
1
1
1
1
1
1
1
1
1
1
1
1
1
1
1
1
1
1
1
1
1
1
1
1
1
1
1
1
1
1
1
1
1
1
1
1
1
1
1
1
1
1
1
1
1
1
1
1
1
1
1
1
1
1
1
1
1
1
1
1
1
1
1
1
1
1
1
1
1
1
1
1
1
1
1
1
1
1
1
1
1
1
1
1
1
1
1
1
1
1
1
1
1
1
1
1
1
1
1
1
1
1
1
1
1
1
1
1
1
1
1
1
1
1
1
1
1
1
1
1
1
1
1
1
1
1
1
1
1
1
1
1
1
1
1
1
1
1
1
1
1
1
1
1
1
1
1
1
1
1
1
1
1
1
1
1
1
1
1
1
1
1
1
1
1
1
1
1
1
1
1
1
1
1
1
1
1
1
1
1
1
1
1
1
1
1
1
1
1
1
1
1
1
1
1
1
1
1
1
1
1
1
1
1
1
1
1
1
1
1
1
1
1
1
1
1
1
1
1
1
1
1
1
1
1
1
1
1
1
1
1
1
1
1
1
1
1
1
1
1
1
1
1
1
1
1
1
1
1
1
1
1
1
1
1
1
1
1
1
1
1
1
1
1
1
1
1
1
1
1
1
1
1
1
1
1
1
1
1
1
1
1
1
1
1
1
1
1
1
1
1
1
1
1
1
1
1
1
1
1
1
1
1
1
1
1
1
1
1
1
1
1
1
1
1
1
1
1
1
1
1
1
1
1
1
1
1
1
1
1
1
1
1
1
1
1
1
1
1
1
1
1
1
1
1
1
1
1
1
1
1
1
1
1
1
1
1
1
1
1
1
1
1
1
1
1
1
1
1
1
1
1
1
1
1
1
1
1
1
1
1
1
1
1
1
1
1
1
1
1
1
1
1
1
1
1
1
1
1
1
1
1
1
1
1
1
1
1
1
1
1
1
1
1
1
1
1
1
1
1
1
1
1
1
1
1
1
1
1
1
1
1
1
1
1
1
1
1
1
1
1
1
1
1
1
1
1
1
1
1
1
1
1
1
1
1
1
1
1
1
1
1
1
1
1
1
1
1
1
1
1
1
1
1
1
1
1
1
1
1
1
1
1
1
1
1
1
1
1
1
1
1
1
1
1
1
1
1
1
1
1
1
1
1
1
1
1
1
1
1
1
1
1
1
1
1
1
1
1
1
1
1
1
1
1
1
1
1
1
1
1
1
1
1
1
1
1
1
1
1
1
1
1
1
1
1
1
1
1
1
1
1
1
1
1
1
1
1
1
1
1
1
1
1
1
1
1
1
1
1
1
1
1
1
1
1
1
1
1
1
1
1
1
1
1
1
1
1
1
1
1
1
1
1
1
1
1
1
1
1
1
1
1
1
1
1
1
1
1
1
1
1
1
1
1
1
1
1
1
1
1
1
1
1
1
1
1
1
1
1
1
1
1
1
1
1
1
1
1
1
1
1
1
1
1
1
1
1
1
1
1
1
1
1
1
1
1
1
1
1
1
1
1
1
1
1
1
1
1
1
1
1
1
1
1
1
1
1
1
1
1
1
1
1
1
1
1
1
1
1
1
1
1
1
1
1
1
1
1
1
1
1
1
1
1
1
1
1
1
1
1
1
1
1
1
1
1
1
1
1
1
1
1
1
1
1
1
1
1
1
1
1
1
1
1
1
1
1
1
1
1
1
1
1
1
1
1
1
1
1
1
1
1
1
1
1
1
1
1
1
1
1
1
1
1
1
1
1
1
1
1
1
1
1
1
1
1
1
1
1
1
1
1
1
1
1
1
1
1
1
1
1
1
1
1
1
1
1
1
1
1
1
1
1
1
1
1
1
1
1
1
1
1
1
1
1
1
1
1
1
1
1
1
1
1
1
1
1
1
1
1
1
1
1
1
1
1
1
1
1
1
1
1
1
1
1
1
1
1
1
1
1
1
1
1
1
1
1
1
1
1
1
1
1
1
1
1
1
1
1
1
1
1
1
1
1
1
1
1
1
1
1
1
1
1
1
1
1
1
1
1
1
1
1
1
1
1
1
1
1
1
1
1
1
1
1
1
1
1
1
1
1
1
1
1
1
1
1
1
1
1
1
1
1
1
1
1
1
1
1
1
1
1
1
1
1
1
1
1
1
1
1
1
1
1
1
1
1
1
1
1
1
1
1
1
1
1
1
1
1
1
1
1
1
1
1
1
1
1
1
1
1
1
1
1
1
1
1
1
1
1
1
1
1
1
1
1
1
1
1
1
1
1
1
1
1
1
1
1
1
1
1
1
1
1
1
1
1
1
1
1
1
1
1
1
1
1
1
1
1
1
1
1
1
1
1
1
1
1
1
1
1
1
1
1
1
1
1
1
1
1
1
1
1
1
1
1
1
1
1
1
1
1
1
1
1
1
1
1
1
1
1
1
1
1
1
1
1
1
1
1
1
1
1
1
1
1
1
1
1
1
1
1
1
1
1
1
1
1
1
1
1
1
1
1
1
1
1
1
1
1
1
1
1
1
1
1
1
1
1
1
1
1
1
1
1
1
1
1
1
1
1
1
1
1
1
1
1
1
1
1
1
1
1
1
1
1
1
1
1
1
1
1
1
1
1
1
1
1
1
1
1
1
1
1
1
1
1
1
1
1
1
1
1
1
1
1
1
1
1
1
1
1
1
1
1
1
1
1
1
1
1
1
1
1
1
1
1
1
1
1
1
1
1
1
1
1
1
1
1
1
1
1
1
1
1
1
1
1
1
1
1
1
1
1
1
1
1
1
1
1
1
1
1
1
1
1
1
1
1
1
1
1
1
1
1
1
1
1
1
1
1
1
1
1
1
1
1
1
1
1
1
1
1
1
1
1
1
1
1
1
1
1
1
1
1
1
1
1
1
1
1
1
1
1
1
1
1
1
1
1
1
1
1
1
1
1
1
1
1
1
1
1
1
1
1
1
1
1
1
1
1
1
1
1
1
1
1
1
1
1
1
1
1
1
1
1
1
1
1
1
1
1
1
1
1
1
1
1
1
1
1
1
1
1
1
1
1
1
1
1
1
1
1
1
1
1
1
1
1
1
1
1
1
1
1
1
1
1
1
1
1
1
1
1
1
1
1
1
1
1
1
1
1
1
1
1
1
1
1
1
1
1
1
1
1
1
1
1
1
1
1
1
1
1
1
1
1
1
1
1
1
1
1
1
1
1
1
1
1
1
1
1
1
1
1
1
1
1
1
1
1
1
1
1
1
1
1
1
1
1
1
1
1
1
1
1
1
1
1
1
1
1
1
1
1
1
1
1
1
1
1
1
1
1
1
1
1
1
1
1
1
1
1
1
1
1
1
1
1
1
1
1
1
1
1
1
1
1
1
1
1
1
1
1
1
1
1
1
1
1
1
1
1
1
1
1
1
1
1
1
1
1
1
1
1
1
1
1
1
1
1
1
1
1
1
1
1
1
1
1
1
1
1
1
1
1
1
1
1
1
1
1
1
1
1
1
1
1
1
1
1
1
1
1
1
1
1
1
1
1
1
1
1
1
1
1
1
1
1
1
1
1
1
1
1
1
1
1
1
1
1
1
1
1
1
1
1
1
1
1
1
1
1
1
1
1
1
1
1
1
1
1
1
1
1
1
1
1
1
1
1
1
1
1
1
1
1
1
1
1
1
1
1
1
1
1
1
1
1
1
1
1
1
1
1
1
1
1
1
1
1
1
1
1
1
1
1
1
1
1
1
1
1
1
1
1
1
1
1
1
1
1
1
1
1
1
1
1
1
1
1
1
1
1
1
1
1
1
1
1
1
1
1
1
1
1
1
1
1
1
1
1
1
1
1
1
1
1
1
1
1
1
1
1
1
1
1
1
1
1
1
1
1
1
1
1
1
1
1
1
1
1
1
1
1
1
1
1
1
1
1
1
1
1
1
1
1
1
1
1
1
1
1
1
1
1
1
1
1
1
1
1
1
1
1
1
1
1
1
1
1
1
1
1
1
1
1
1
1
1
1
1
1
1
1
1
1
1
1
1
1
1
1
1
1
1
1
1
1
1
1
1
1
1
1
1
1
1
1
1
1
1
1
1
1
1
1
1
1
1
1
1
1
1
1
1
1
1
1
1
1
1
1
1
1
1
1
1
1
1
1
1
1
1
1
1
1
1
1
1
1
1
1
1
1
1
1
1
1
1
1
1
1
1
1
1
1
1
1
1
1
1
1
1
1
1
1
1
1
1
1
1
1
1
1
1
1
1
1
1
1
1
1
1
1
1
1
1
1
1
1
1
1
1
1
1
1
1
1
1
1
1
1
1
1
1
1
1
1
1
1
1
1
1
1
1
1
1
1
1
1
1
1
1
1
1
1
1
1
1
1
1
1
1
1
1
1
1
1
1
1
1
1
1
1
1
1
1
1
1
1
1
1
1
1
1
1
1
1
1
1
1
1
1
1
1
1
1
1
1
1
1
1
1
1
1
1
1
1
1
1
1
1
1
1
1
1
1
1
1
1
1
1
1
1
1
1
1
1
1
1
1
1
1
1
1
1
1
1
1
1
1
1
1
1
1
1
1
1
1
1
1
1
1
1
1
1
1
1
1
1
1
1
1
1
1
1
1
1
1
1
1
1
1
1
1
1
1
1
1
1
1
1
1
1
1
1
1
1
1
1
1
1
1
1
1
1
1
1
1
1
1
1
1
1
1
1
1
1
1
1
1
1
1
1
1
1
1
1
1
1
1
1
1
1
1
1
1
1
1
1
1
1
1
1
1
1
1
1
1
1
1
1
1
1
1
1
1
1
1
1
1
1
1
1
1
1
1
1
1
1
1
1
1
1
1
1
1
1
1
1
1
1
1
1
1
1
1
1
1
1
1
1
1
1
1
1
1
1
1
1
1
1
1
1
1
1
1
1
1
1
1
1
1
1
1
1
1
1
1
1
1
1
1
1
1
1
1
1
1
1
1
1
1
1
1
1
1
1
1
1
1
1
1
1
1
1
1
1
1
1
1
1
1
1
1
1
1
1
1
1
1
1
1
1
1
1
1
1
1
1
1
1
1
1
1
1
1
1
1
1
1
1
1
1
1
1
1
1
1
1
1
1
1
1
1
1
1
1
1
1
1
1
1
1
1
1
1
1
1
1
1
1
1
1
1
1
1
1
1
1
1
1
1
1
1
1
1
1
1
1
1
1
1
1
1
1
1
1
1
1
1
1
1
1
1
1
1
1
1
1
1
1
1
1
1
1
1
1
1
1
1
1
1
1
1
1
1
1
1
1
1
1
1
1
1
1
1
1
1
1
1
1
1
1
1
1
1
1
1
1
1
1
1
1
1
1
1
1
1
1
1
1
1
1
1
1
1
1
1
1
1
1
1
1
1
1
1
1
1
1
1
1
1
1
1
1
1
1
1
1
1
1
1
1
1
1
1
1
1
1
1
1
1
1
1
1
1
1
1
1
1
1
1
1
1
1
1
1
1
1
1
1
1
1
1
1
1
1
1
1
1
1
1
1
1
1
1
1
1
1
1
1
1
1
1
1
1
1
1
1
1
1
1
1
1
1
1
1
1
1
1
1
1
1
1
1
1
1
1
1
1
1
1
1
1
1
1
1
1
1
1
1
1
1
1
1
1
1
1
1
1
1
1
1
1
1
1
1
1
1
1
1
1
1
1
1
1
1
1
1
1
1
1
1
1
1
1
1
1
1
1
1
1
1
1
1
1
1
1
1
1
1
1
1
1
1
1
1
1
1
1
1
1
1
1
1
1
1
1
1
1
1
1
1
1
1
1
1
1
1
1
1
1
1
1
1
1
1
1
1
1
1
1
1
1
1
1
1
1
1
1
1
1
1
1
1
1
1
1
1
1
1
1
1
1
1
1
1
1
1
1
1
1
1
1
1
1
1
1
1
1
1
1
1
1
1
1
1
1
1
1
1
1
1
1
1
1
1
1
1
1
1
1
1
1
1
1
1
1
1
1
1
1
1
1
1
1
1
1
1
1
1
1
1
1
1
1
1
1
1
1
1
1
1
1
1
1
1
1
1
1
1
1
1
1
1
1
1
1
1
1
1
1
1
1
1
1
1
1
1
1
1
1
1
1
1
1
1
1
1
1
1
1
1
1
1
1
1
1
1
1
1
1
1
1
1
1
1
1
1
1
1
1
1
1
1
1
1
1
1
1
1
1
1
1
1
1
1
1
1
1
1
1
1
1
1
1
1
1
1
1
1
1
1
1
1
1
1
1
1
1
1
1
1
1
1
1
1
1
1
1
1
1
1
1
1
1
1
1
1
1
1
1
1
1
1
1
1
1
1
1
1
1
1
1
1
1
1
1
1
1
1
1
1
1
1
1
1
1
1
1
1
1
1
1
1
1
1
1
1
1
1
1
1
1
1
1
1
1
1
1
1
1
1
1
1
1
1
1
1
1
1
1
1
1
1
1
1
1
1
1
1
1
1
1
1
1
1
1
1
1
1
1
1
1
1
1
1
1
1
1
1
1
1
1
1
1
1
1
1
1
1
1
1
1
1
1
1
1
1
1
1
1
1
1
1
1
1
1
1
1
1
1
1
1
1
1
1
1
1
1
1
1
1
1
1
1
1
1
1
1
1
1
1
1
1
1
1
1
1
1
1
1
1
1
1
1
1
1
1
1
1
1
1
1
1
1
1
1
1
1
1
1
1
1
1
1
1
1
1
1
1
1
1
1
1
1
1
1
1
1
1
1
1
1
1
1
1
1
1
1
1
1
1
1
1
1
1
1
1
1
1
1
1
1
1
1
1
1
1
1
1
1
1
1
1
1
1
1
1
1
1
1
1
1
1
1
1
1
1
1
1
1
1
1
1
1
1
1
1
1
1
1
1
1
1
1
1
1
1
1
1
1
1
1
1
1
1
1
1
1
1
1
1
1
1
1
1
1
1
1
1
1
1
1
1
1
1
1
1
1
1
1
1
1
1
1
1
1
1
1
1
1
1
1
1
1
1
1
1
1
1
1
1
1
1
1
1
1
1
1
1
1
1
1
1
1
1
1
1
1
1
1
1
1
1
1
1
1
1
1
1
1
1
1
1
1
1
1
1
1
1
1
1
1
1
1
1
1
1
1
1
1
1
1
1
1
1
1
1
1
1
1
1
1
1
1
1
1
1
1
1
1
1
1
1
1
1
1
1
1
1
1
1
1
1
1
1
1
1
1
1
1
1
1
1
1
1
1
1
1
1
1
1
1
1
1
1
1
1
1
1
1
1
1
1
1
1
1
1
1
1
1
1
1
1
1
1
1
1
1
1
1
1
1
1
1
1
1
1
1
1
1
1
1
1
1
1
1
1
1
1
1
1
1
1
1
1
1
1
1
1
1
1
1
1
1
1
1
1
1
1
1
1
1
1
1
1
1
1
1
1
1
1
1
1
1
1
1
1
1
1
1
1
1
1
1
1
1
1
1
1
1
1
1
1
1
1
1
1
1
1
1
1
1
1
1
1
1
1
1
1
1
1
1
1
1
1
1
1
1
1
1
1
1
1
1
1
1
1
1
1
1
1
1
1
1
1
1
1
1
1
1
1
1
1
1
1
1
1
1
1
1
1
1
1
1
1
1
1
1
1
1
1
1
1
1
1
1
1
1
1
1
1
1
1
1
1
1
1
1
1
1
1
1
1
1
1
1
1
1
1
1
1
1
1
1
1
1
1
1
1
1
1
1
1
1
1
1
1
1
1
1
1
1
1
1
1
1
1
1
1
1
1
1
1
1
1
1
1
1
1
1
1
1
1
1
1
1
1
1
1
1
1
1
1
1
1
1
1
1
1
1
1
1
1
1
1
1
1
1
1
1
1
1
1
1
1
1
1
1
1
1
1
1
1
1
1
1
1
1
1
1
1
1
1
1
1
1
1
1
1
1
1
1
1
1
1
1
1
1
1
1
1
1
1
1
1
1
1
1
1
1
1
1
1
1
1
1
1
1
1
1
1
1
1
1
1
1
1
1
1
1
1
1
1
1
1
1
1
1
1
1
1
1
1
1
1
1
1
1
1
1
1
1
1
1
1
1
1
1
1
1
1
1
1
1
1
1
1
1
1
1
1
1
1
1
1
1
1
1
1
1
1
1
1
1
1
1
1
1
1
1
1
1
1
1
1
1
1
1
1
1
1
1
1
1
1
1
1
1
1
1
1
1
1
1
1
1
1
1
1
1
1
1
1
1
1
1
1
1
1
1
1
1
1
1
1
1
1
1
1
1
1
1
1
1
1
1
1
1
1
1
1
1
1
1
1
1
1
1
1
1
1
1
1
1
1
1
1
1
1
1
1
1
1
1
1
1
1
1
1
1
1
1
1
1
1
1
1
1
1
1
1
1
1
1
1
1
1
1
1
1
1
1
1
1
1
1
1
1
1
1
1
1
1
1
1
1
1
1
1
1
1
1
1
1
1
1
1
1
1
1
1
1
1
1
1
1
1
1
1
1
1
1
1
1
1
1
1
1
1
1
1
1
1
1
1
1
1
1
1
1
1
1
1
1
1
1
1
1
1
1
1
1
1
1
1
1
1
1
1
1
1
1
1
1
1
1
1
1
1
1
1
1
1
1
1
1
1
1
1
1
1
1
1
1
1
1
1
1
1
1
1
1
1
1
1
1
1
1
1
1
1
1
1
1
1
1
1
1
1
1
1
1
1
1
1
1
1
1
1
1
1
1
1
1
1
1
1
1
1
1
1
1
1
1
1
1
1
1
1
1
1
1
1
1
1
1
1
1
1
1
1
1
1
1
1
1
1
1
1
1
1
1
1
1
1
1
1
1
1
1
1
1
1
1
1
1
1
1
1
1
1
1
1
1
1
1
1
1
1
1
1
1
1
1
1
1
1
1
1
1
1
1
1
1
1
1
1
1
1
1
1
1
1
1
1
1
1
1
1
1
1
1
1
1
1
1
1
1
1
1
1
1
1
1
1
1
1
1
1
1
1
1
1
1
1
1
1
1
1
1
1
1
1
1
1
1
1
1
1
1
1
1
1
1
1
1
1
1
1
1
1
1
1
1
1
1
1
1
1
1
1
1
1
1
1
1
1
1
1
1
1
1
1
1
1
1
1
1
1
1
1
1
1
1
1
1
1
1
1
1
1
1
1
1
1
1
1
1
1
1
1
1
1
1
1
1
1
1
1
1
1
1
1
1
1
1
1
1
1
1
1
1
1
1
1
1
1
1
1
1
1
1
1
1
1
1
1
1
1
1
1
1
1
1
1
1
1
1
1
1
1
1
1
1
1
1
1
1
1
1
1
1
1
1
1
1
1
1
1
1
1
1
1
1
1
1
1
1
1
1
1
1
1
1
1
1
1
1
1
1
1
1
1
1
1
1
1
1
1
1
1
1
1
1
1
1.006e-07
1.02354e-06
1.02923e-05
1.052e-06
1.05502e-05
1.06779e-05
1.08633e-06
1.13552e-05
1.19914e-05
1.22967e-05
1.25824e-05
1.26371e-06
1.28869e-06
1.30386e-05
1.38327e-05
1.39708e-06
1.40407e-06
1.47303e-05
1.49684e-05
1.53762e-06
1.57527e-06
1.59757e-05
1.6314e-05
1.64483e-05
1.69819e-05
1.70058e-06
1.73483e-05
1.81467e-07
1.91095e-05
1919.63,30.0017,86446         Progress: [????%] (3999 / Unknown)
1919.81,29.9998,62224         Progress: [????%] (10599 / Unknown)
1919.84,30.0003,56838         Progress: [????%] (10660 / Unknown)
1919.84,30.0003,56924         Progress: [????%] (10781 / Unknown)
1919.84,30.0003,57530         Progress: [????%] (10720 / Unknown)
1919.87,30.0027,75092         Progress: [????%] (6301 / Unknown)
191.988,3.04981,4500566
1919.89,30.0018,76663         Progress: [????%] (8299 / Unknown)
1919.91,30.0021,73230         Progress: [????%] (8602 / Unknown)
1919.92,30.0019,60015         Progress: [????%] (9632 / Unknown)
1919.92,30.0019,73176         Progress: [????%] (9693 / Unknown)
1919.93,30.0063,65176         Progress: [????%] (4061 / Unknown)
1919.96,30.0026,66728         Progress: [????%] (9209 / Unknown)
1919.97,30.0032,64759         Progress: [????%] (8177 / Unknown)
1919.97,30.0053,63354         Progress: [????%] (5151 / Unknown)
191.997,3.05995,4399644
1919.98,30.0026,63430         Progress: [????%] (10298 / Unknown)
1919.98,30.0033,63769         Progress: [????%] (8238 / Unknown)
1919.98,30.0038,62595         Progress: [????%] (7269 / Unknown)
1919.98,30.0052,62364         Progress: [????%] (5453 / Unknown)
1919.99,30.0029,62679         Progress: [????%] (9572 / Unknown)
1919.99,30.0054,61056         Progress: [????%] (5393 / Unknown)
1920.01,30.0031,59243         Progress: [????%] (9935 / Unknown)
1920.01,30.0034,58276         Progress: [????%] (9451 / Unknown)
1920.01,30.0034,58523         Progress: [????%] (9390 / Unknown)
1920.01,30.003,58470          Progress: [????%] (10539 / Unknown)
1920.01,30.0037,59016         Progress: [????%] (8360 / Unknown)
1920.01,30.0056,59432         Progress: [????%] (5514 / Unknown)
1920.02,30.0031,57127         Progress: [????%] (10479 / Unknown)
1920.02,30.0032,57545         Progress: [????%] (10116 / Unknown)
1920.02,30.0033,56955         Progress: [????%] (9996 / Unknown)
1920.02,30.0033,57336         Progress: [????%] (10056 / Unknown)
1920.02,30.0034,57154         Progress: [????%] (9814 / Unknown)
1920.02,30.0036,56749         Progress: [????%] (9330 / Unknown)
1920.02,30.0036,57648         Progress: [????%] (9027 / Unknown)
1920.02,30.0037,57526         Progress: [????%] (8784 / Unknown)
1920.02,30.0038,57625         Progress: [????%] (8542 / Unknown)
1920.02,30.0039,57500         Progress: [????%] (8421 / Unknown)
1920.02,30.0041,57678         Progress: [????%] (7875 / Unknown)
1920.02,30.0043,57718         Progress: [????%] (7632 / Unknown)
1920.02,30.0044,58256         Progress: [????%] (7330 / Unknown)
1920.02,30.004,57274          Progress: [????%] (8117 / Unknown)
1920.02,30.0047,58089         Progress: [????%] (6845 / Unknown)
1920.02,30.0048,57440         Progress: [????%] (6785 / Unknown)
1920.02,30.0054,57887         Progress: [????%] (5998 / Unknown)
1920.02,30.006,58313          Progress: [????%] (5333 / Unknown)
1920.02,30.0067,58662         Progress: [????%] (4727 / Unknown)
1920.03,30.0034,54836         Progress: [????%] (10237 / Unknown)
1920.03,30.0035,55212         Progress: [????%] (9875 / Unknown)
1920.03,30.0035,55410         Progress: [????%] (9754 / Unknown)
1920.03,30.0036,56187         Progress: [????%] (9512 / Unknown)
1920.03,30.0037,56441         Progress: [????%] (9148 / Unknown)
1920.03,30.0038,55451         Progress: [????%] (8967 / Unknown)
1920.03,30.0038,56209         Progress: [????%] (8906 / Unknown)
1920.03,30.0039,55173         Progress: [????%] (8845 / Unknown)
1920.03,30.0042,56926         Progress: [????%] (7996 / Unknown)
1920.03,30.0043,56877         Progress: [????%] (7754 / Unknown)
1920.03,30.0044,55970         Progress: [????%] (7693 / Unknown)
1920.03,30.004,55964          Progress: [????%] (8482 / Unknown)
1920.03,30.0046,57248         Progress: [????%] (7148 / Unknown)
1920.03,30.0048,56679         Progress: [????%] (7027 / Unknown)
1920.03,30.0048,56898         Progress: [????%] (6906 / Unknown)
1920.03,30.0052,56783         Progress: [????%] (6422 / Unknown)
1920.03,30.0054,57182         Progress: [????%] (6119 / Unknown)
1920.03,30.0054,57853         Progress: [????%] (5937 / Unknown)
1920.03,30.0057,57035         Progress: [????%] (5816 / Unknown)
1920.03,30.0057,57712         Progress: [????%] (5695 / Unknown)
1920.03,30.0063,58057         Progress: [????%] (5091 / Unknown)
1920.03,30.0064,57963         Progress: [????%] (5031 / Unknown)
1920.03,30.0067,58007         Progress: [????%] (4788 / Unknown)
1920.04,30.0036,52613         Progress: [????%] (10419 / Unknown)
1920.04,30.0038,54399         Progress: [????%] (9270 / Unknown)
1920.04,30.0039,54748         Progress: [????%] (9088 / Unknown)
1920.04,30.0041,54037         Progress: [????%] (8663 / Unknown)
1920.04,30.0045,54852         Progress: [????%] (7815 / Unknown)
1920.04,30.0045,55852         Progress: [????%] (7572 / Unknown)
1920.04,30.0047,55119         Progress: [????%] (7451 / Unknown)
1920.04,30.0051,55950         Progress: [????%] (6665 / Unknown)
1920.04,30.0052,56092         Progress: [????%] (6483 / Unknown)
1920.04,30.0052,56243         Progress: [????%] (6544 / Unknown)
1920.04,30.0054,56189         Progress: [????%] (6241 / Unknown)
1920.04,30.0055,56311         Progress: [????%] (6180 / Unknown)
1920.04,30.0055,56689         Progress: [????%] (6059 / Unknown)
1920.04,30.005,56308          Progress: [????%] (6725 / Unknown)
1920.04,30.0058,55939         Progress: [????%] (5877 / Unknown)
1920.04,30.0063,56707         Progress: [????%] (5273 / Unknown)
1920.04,30.0067,56745         Progress: [????%] (4970 / Unknown)
1920.04,30.0071,56834         Progress: [????%] (4667 / Unknown)
1920.05,30.0037,51707         Progress: [????%] (10359 / Unknown)
1920.05,30.0042,53067         Progress: [????%] (8724 / Unknown)
1920.05,30.0045,53155         Progress: [????%] (8057 / Unknown)
1920.05,30.0045,53736         Progress: [????%] (7936 / Unknown)
1920.05,30.0048,53337         Progress: [????%] (7512 / Unknown)
1920.05,30.0048,54224         Progress: [????%] (7391 / Unknown)
1920.05,30.0049,54826         Progress: [????%] (7209 / Unknown)
1920.05,30.0053,54865         Progress: [????%] (6605 / Unknown)
1920.05,30.005,54700          Progress: [????%] (7088 / Unknown)
1920.05,30.0062,55697         Progress: [????%] (5575 / Unknown)
1920.05,30.006,56027          Progress: [????%] (5635 / Unknown)
1920.05,30.0066,55815         Progress: [????%] (5212 / Unknown)
1920.05,30.0073,56703         Progress: [????%] (4546 / Unknown)
1920.05,30.0075,56897         Progress: [????%] (4425 / Unknown)
1920.05,30.008,56638          Progress: [????%] (4182 / Unknown)
1920.05,30.0086,57131         Progress: [????%] (3818 / Unknown)
1920.05,30.0092,57341         Progress: [????%] (3576 / Unknown)
1920.05,30.0097,57374         Progress: [????%] (3394 / Unknown)
1920.06,30.0052,53334         Progress: [????%] (6967 / Unknown)
1920.06,30.0061,54572         Progress: [????%] (5756 / Unknown)
1920.06,30.0071,55332         Progress: [????%] (4910 / Unknown)
1920.06,30.0082,56327         Progress: [????%] (4122 / Unknown)
1920.06,30.0089,56641         Progress: [????%] (3757 / Unknown)
1920.07,30.0057,53245         Progress: [????%] (6362 / Unknown)
1920.07,30.0079,54664         Progress: [????%] (4486 / Unknown)
1920.07,30.0086,55952         Progress: [????%] (3939 / Unknown)
1920.07,30.0098,56366         Progress: [????%] (3455 / Unknown)
1920.07,30.0105,56375         Progress: [????%] (3212 / Unknown)
1920.07,30.0115,56799         Progress: [????%] (2908 / Unknown)
1920.07,30.011,56681          Progress: [????%] (3030 / Unknown)
1920.07,30.0117,56756         Progress: [????%] (2847 / Unknown)
1920.08,30.0103,55586         Progress: [????%] (3334 / Unknown)
1920.08,30.0103,56170         Progress: [????%] (3273 / Unknown)
1920.08,30.0108,56008         Progress: [????%] (3151 / Unknown)
1920.08,30.0113,56503         Progress: [????%] (2969 / Unknown)
1920.08,30.0123,56518         Progress: [????%] (2726 / Unknown)
1920.09,30.0121,56328         Progress: [????%] (2787 / Unknown)
1920.09,30.01,54732           Progress: [????%] (3516 / Unknown)
1920.11,30.0086,52631         Progress: [????%] (4304 / Unknown)
1920.11,30.0099,53230         Progress: [????%] (3697 / Unknown)
1920.11,30.01,53265           Progress: [????%] (3637 / Unknown)
1920.12,30.0083,51199         Progress: [????%] (4607 / Unknown)
1920.12,30.0087,51530         Progress: [????%] (4365 / Unknown)
1920.1,30.0112,55280          Progress: [????%] (3091 / Unknown)
1920.13,30.009,51261          Progress: [????%] (4243 / Unknown)
1920,30.003,59874             Progress: [????%] (10176 / Unknown)
1920,30.0062,60212            Progress: [????%] (4849 / Unknown)
1920,30.0078,60351            Progress: [????%] (3878 / Unknown)
192.035,3.03388,5427304
1920.45,30.0221,78113         Progress: [????%] (2000 / Unknown)
1920.51,30.02,71822           Progress: [????%] (2484 / Unknown)
192.065,3.03853,5990263
192.074,3.03117,4219860
1920.8,30.0237,56964          Progress: [????%] (2665 / Unknown)
192.083,3.04416,4589351
1920.87,30.025,54728          Progress: [????%] (2605 / Unknown)
1920.89,30.0257,54483         Progress: [????%] (2545 / Unknown)
1920.9,30.0267,56949          Progress: [????%] (2363 / Unknown)
1920.94,30.0278,56086         Progress: [????%] (2303 / Unknown)
1920.97,30.029,56907          Progress: [????%] (2182 / Unknown)
1921.03,30.0421,73222         Progress: [????%] (1154 / Unknown)
1921.04,30.0308,56522         Progress: [????%] (2061 / Unknown)
1921.13,30.0318,52306         Progress: [????%] (2122 / Unknown)
1921.14,30.0338,56619         Progress: [????%] (1879 / Unknown)
1921.19,30.0351,56147         Progress: [????%] (1819 / Unknown)
1921.25,30.035,51651          Progress: [????%] (1940 / Unknown)
1921.25,30.0366,55561         Progress: [????%] (1759 / Unknown)
1921.26,30.0374,56663         Progress: [????%] (1698 / Unknown)
1921,30.028,51692             Progress: [????%] (2424 / Unknown)
1921,30.029,54925             Progress: [????%] (2243 / Unknown)
192.134,3.10216,3592385
1921.35,30.0394,55577         Progress: [????%] (1637 / Unknown)
1921.35,30.0402,56770         Progress: [????%] (1576 / Unknown)
1921.35,30.0417,59686         Progress: [????%] (1455 / Unknown)
192.148,3.07738,3555740
1921.5,30.0433,54290          Progress: [????%] (1516 / Unknown)
1921.58,30.0462,55600         Progress: [????%] (1395 / Unknown)
1921.69,30.0489,54707         Progress: [????%] (1335 / Unknown)
1921.78,30.0513,54458         Progress: [????%] (1275 / Unknown)
1922.07,30.0599,54466         Progress: [????%] (1093 / Unknown)
1922.25,30.0642,53582         Progress: [????%] (1033 / Unknown)
1922.27,30.0663,55565         Progress: [????%] (972 / Unknown)
1922,30.0559,51780            Progress: [????%] (1215 / Unknown)
1922.31,30.069,57336          Progress: [????%] (911 / Unknown)
1922.51,30.0745,56795         Progress: [????%] (851 / Unknown)
1922.66,30.0828,60092         Progress: [????%] (730 / Unknown)
1922.74,30.0807,56272         Progress: [????%] (791 / Unknown)
1923.26,30.0958,56045         Progress: [????%] (669 / Unknown)
192.354,3.1558,3420421
1923.6,30.1057,55824          Progress: [????%] (608 / Unknown)
1924.16,30.1198,54336         Progress: [????%] (548 / Unknown)
1924.55,30.1329,55444         Progress: [????%] (487 / Unknown)
1924.91,30.1592,62763         Progress: [????%] (365 / Unknown)
1925.04,30.1494,56618         Progress: [????%] (426 / Unknown)
192.562,3.30966,3089643
1927.48,30.2159,54517         Progress: [????%] (304 / Unknown)
1.92923e-05
1929.31,30.2695,54708         Progress: [????%] (243 / Unknown)
1932.75,30.3642,53572         Progress: [????%] (183 / Unknown)
1939.11,30.5469,53737         Progress: [????%] (122 / Unknown)
1.9583e-05
1961.6,31.1443,49823          Progress: [????%] (62 / Unknown)
1.96355e-06
201.63,3.16547,3989469
2.01778e-06
202.119,3.1739,4161755
202.687,3.18365,5426789
203.331,3.1947,4088989
203.993,3.20614,5634463
204.731,3.20893,5332833
204.794,3.2199,3834268
205.175,3.21621,5397155
205.671,3.22433,5618870
205.69,3.23532,4304919
206.155,3.23227,4662139
206.351,3.23174,6664189
206.687,3.23717,4484385
206.73,3.24169,4782609
206.751,3.25355,5169934
207.116,3.24407,4925275
207.334,3.2456,5819961
207.363,3.25204,4364920
207.529,3.25074,4222494
207.631,3.25036,4966020
207.962,3.25566,5494891
207.96,3.2577,5056024
207.98,3.25468,5818704
207.995,3.26243,4201148
208.01,3.27515,3497527
2.08171e-06
208.236,3.25877,5265692
208.289,3.2609,5904673
208.393,3.26471,4701903
208.429,3.26098,6164688
208.532,3.26349,5484253
208.651,3.26451,6449081
208.651,3.26669,4598962
208.711,3.27415,4727071
208.778,3.2659,5660965
208.813,3.26796,5192690
208.882,3.27261,3931365
208.913,3.26867,4197159
208.986,3.26921,6232565
209.019,3.27259,4366662
209.05,3.26974,6456457
209.102,3.27257,4369418
209.172,3.27279,4156359
209.208,3.27271,5594871
209.235,3.27267,4765518
209.266,3.27278,5688509
209.412,3.27751,4003318
209.417,3.28122,5319304
209.422,3.27612,4438926
209.42,3.27673,4669410
209.424,3.27907,4454030
209.429,3.27574,5468180
209.433,3.27543,5732813
209.469,3.30023,2863433
209.478,3.28672,3424619
209.61,3.27822,5800834
209.628,3.27888,5970797
209.665,3.27996,4956446
209.691,3.28103,4299562
209.748,3.28286,3791933
209.799,3.2812,4623426
209.807,3.28521,4202437
209.834,3.28214,4502628
209.892,3.28357,5365550
209.906,3.28259,4396775
209.937,3.28963,3431573
209.968,3.28544,4365249
209.978,3.28403,3632920
210.046,3.28549,3966406
210.071,3.28802,3801277
210.074,3.28523,4232702
210.135,3.28741,3698254
210.17,3.28707,5210936
210.243,3.2879,5637131
210.249,3.29229,3423498
210.253,3.28878,4575736
210.253,3.28997,3598639
210.289,3.30005,2798295
210.361,3.29008,3865678
210.391,3.29147,3588617
210.424,3.29364,3430339
210.444,3.29107,3628177
210.482,3.29239,3831052
210.504,3.2988,3036860
210.55,3.29469,3428976
210.559,3.2932,3464871
210.626,3.29395,3489616
210.642,3.29545,3860446
210.696,3.29945,3155591
210.704,3.29591,3435431
210.757,3.29633,3470505
210.789,3.29945,2860856
210.811,3.29686,3519803
210.852,3.29948,3031696
210.897,3.29949,3302327
210.938,3.29961,2765005
210.967,3.29965,3398191
2.10985e-06
210.991,3.2997,3329897
2.14071e-05
2.23729e-05
2.24664e-05
2.38733e-05
2.40708e-06
2.43482e-06
2.49636e-05
2.51596e-05
2.56621e-06
2.77644e-06
2.87587e-05
2.95846e-05
3.02277e-06
3.02372e-07
3.07814e-05
3.10991e-06
3.19314e-06
3.21856e-06
3.30161e-06
3.39094e-05
3.4291e-05
3.43663e-07
3.46962e-05
3.49508e-06
3.5425e-05
3.68e-06
3.81748e-05
3.94296e-05
4.03058e-05
4.26513e-05
4.40573e-05
4.43168e-05
4.43596e-06
4.53591e-07
4.71718e-08
4.83383e-05
5.16566e-05
5.26759e-06
5.4922e-06
5.51026e-06
5.60173e-05
5.7825e-06
5.95484e-08
5.95927e-06
6.39082e-07
6.42199e-06
6.57114e-06
6.69885e-07
6.78107e-06
6.78355e-07
7.0439e-05
7.20102e-06
7.40301e-06
7.47784e-05
7.65203e-06
7.74434e-07
7.88734e-07
8.13556e-06
8.30689e-05
8.31026e-05
8.53579e-06
8.54301e-06
8.60143e-06
8.92253e-06
8.94859e-05
9.25441e-05
9.5808e-06
9.64651e-06
9.72444e-07
9.74073e-07
